Insert -50 True
Insert -49 True
Insert -48 True
Insert -47 True
Insert -46 True
Insert -45 True
PrintBST
0:  -47 
1:  -49 -46 
2:  -50 -48 -45 

Insert -44 True
Insert -43 True
Insert -42 True
Insert -41 True
Insert -40 True
PrintBST
0:  -47 
1:  -49 -43 
2:  -50 -48 -45 -41 
3:  -46 -44 -42 -40 

Insert -39 True
Insert -38 True
Insert -37 True
Insert -36 True
Insert -35 True
PrintBST
0:  -43 
1:  -47 -39 
2:  -49 -45 -41 -37 
3:  -50 -48 -46 -44 -42 -40 -38 -36 
4:  -35 

Insert -34 True
Insert -33 True
Insert -32 True
Insert -31 True
Insert -30 True
PrintBST
0:  -43 
1:  -47 -35 
2:  -49 -45 -39 -33 
3:  -50 -48 -46 -44 -41 -37 -34 -31 
4:  -42 -40 -38 -36 -32 -30 

Insert -29 True
Insert -28 True
Insert -27 True
Insert -26 True
Insert -25 True
PrintBST
0:  -35 
1:  -43 -31 
2:  -47 -39 -33 -27 
3:  -49 -45 -41 -37 -34 -32 -29 -26 
4:  -50 -48 -46 -44 -42 -40 -38 -36 -30 -28 -25 

Insert -24 True
Insert -23 True
Insert -22 True
Insert -21 True
Insert -20 True
PrintBST
0:  -35 
1:  -43 -27 
2:  -47 -39 -31 -23 
3:  -49 -45 -41 -37 -33 -29 -25 -21 
4:  -50 -48 -46 -44 -42 -40 -38 -36 -34 -32 -30 -28 -26 -24 -22 -20 

Insert -19 True
Insert -18 True
Insert -17 True
Insert -16 True
Insert -15 True
PrintBST
0:  -35 
1:  -43 -27 
2:  -47 -39 -31 -19 
3:  -49 -45 -41 -37 -33 -29 -23 -17 
4:  -50 -48 -46 -44 -42 -40 -38 -36 -34 -32 -30 -28 -25 -21 -18 -16 
5:  -26 -24 -22 -20 -15 

Insert -14 True
Insert -13 True
Insert -12 True
Insert -11 True
Insert -10 True
PrintBST
0:  -35 
1:  -43 -19 
2:  -47 -39 -27 -15 
3:  -49 -45 -41 -37 -31 -23 -17 -13 
4:  -50 -48 -46 -44 -42 -40 -38 -36 -33 -29 -25 -21 -18 -16 -14 -11 
5:  -34 -32 -30 -28 -26 -24 -22 -20 -12 -10 

Insert -9 True
Insert -8 True
Insert -7 True
Insert -6 True
Insert -5 True
PrintBST
0:  -35 
1:  -43 -19 
2:  -47 -39 -27 -11 
3:  -49 -45 -41 -37 -31 -23 -15 -7 
4:  -50 -48 -46 -44 -42 -40 -38 -36 -33 -29 -25 -21 -17 -13 -9 -6 
5:  -34 -32 -30 -28 -26 -24 -22 -20 -18 -16 -14 -12 -10 -8 -5 

Insert -4 True
Insert -3 True
Insert -2 True
Insert -1 True
Insert -0 True
PrintBST
0:  -19 
1:  -35 -11 
2:  -43 -27 -15 -7 
3:  -47 -39 -31 -23 -17 -13 -9 -3 
4:  -49 -45 -41 -37 -33 -29 -25 -21 -18 -16 -14 -12 -10 -8 -5 -1 
5:  -50 -48 -46 -44 -42 -40 -38 -36 -34 -32 -30 -28 -26 -24 -22 -20 -6 -4 -2 0 

Insert 1 True
Insert 2 True
Insert 3 True
Insert 4 True
Insert 5 True
PrintBST
0:  -19 
1:  -35 -3 
2:  -43 -27 -11 1 
3:  -47 -39 -31 -23 -15 -7 -1 3 
4:  -49 -45 -41 -37 -33 -29 -25 -21 -17 -13 -9 -5 -2 0 2 4 
5:  -50 -48 -46 -44 -42 -40 -38 -36 -34 -32 -30 -28 -26 -24 -22 -20 -18 -16 -14 -12 -10 -8 -6 -4 5 

Insert 6 True
Insert 7 True
Insert 8 True
Insert 9 True
Insert 10 True
PrintBST
0:  -19 
1:  -35 -3 
2:  -43 -27 -11 5 
3:  -47 -39 -31 -23 -15 -7 1 7 
4:  -49 -45 -41 -37 -33 -29 -25 -21 -17 -13 -9 -5 -1 3 6 9 
5:  -50 -48 -46 -44 -42 -40 -38 -36 -34 -32 -30 -28 -26 -24 -22 -20 -18 -16 -14 -12 -10 -8 -6 -4 -2 0 2 4 8 10 

Insert 11 True
Insert 12 True
Insert 13 True
Insert 14 True
Insert 15 True
PrintBST
0:  -19 
1:  -35 -3 
2:  -43 -27 -11 5 
3:  -47 -39 -31 -23 -15 -7 1 9 
4:  -49 -45 -41 -37 -33 -29 -25 -21 -17 -13 -9 -5 -1 3 7 13 
5:  -50 -48 -46 -44 -42 -40 -38 -36 -34 -32 -30 -28 -26 -24 -22 -20 -18 -16 -14 -12 -10 -8 -6 -4 -2 0 2 4 6 8 11 14 
6:  10 12 15 

Insert 16 True
Insert 17 True
Insert 18 True
Insert 19 True
Insert 20 True
PrintBST
0:  -19 
1:  -35 -3 
2:  -43 -27 -11 5 
3:  -47 -39 -31 -23 -15 -7 1 13 
4:  -49 -45 -41 -37 -33 -29 -25 -21 -17 -13 -9 -5 -1 3 9 17 
5:  -50 -48 -46 -44 -42 -40 -38 -36 -34 -32 -30 -28 -26 -24 -22 -20 -18 -16 -14 -12 -10 -8 -6 -4 -2 0 2 4 7 11 15 19 
6:  6 8 10 12 14 16 18 20 

Insert 21 True
Insert 22 True
Insert 23 True
Insert 24 True
Insert 25 True
PrintBST
0:  -19 
1:  -35 -3 
2:  -43 -27 -11 13 
3:  -47 -39 -31 -23 -15 -7 5 21 
4:  -49 -45 -41 -37 -33 -29 -25 -21 -17 -13 -9 -5 1 9 17 23 
5:  -50 -48 -46 -44 -42 -40 -38 -36 -34 -32 -30 -28 -26 -24 -22 -20 -18 -16 -14 -12 -10 -8 -6 -4 -1 3 7 11 15 19 22 24 
6:  -2 0 2 4 6 8 10 12 14 16 18 20 25 

Insert 26 True
Insert 27 True
Insert 28 True
Insert 29 True
Insert 30 True
PrintBST
0:  -19 
1:  -35 13 
2:  -43 -27 -3 21 
3:  -47 -39 -31 -23 -11 5 17 25 
4:  -49 -45 -41 -37 -33 -29 -25 -21 -15 -7 1 9 15 19 23 27 
5:  -50 -48 -46 -44 -42 -40 -38 -36 -34 -32 -30 -28 -26 -24 -22 -20 -17 -13 -9 -5 -1 3 7 11 14 16 18 20 22 24 26 29 
6:  -18 -16 -14 -12 -10 -8 -6 -4 -2 0 2 4 6 8 10 12 28 30 

Insert 31 True
Insert 32 True
Insert 33 True
Insert 34 True
Insert 35 True
PrintBST
0:  -19 
1:  -35 13 
2:  -43 -27 -3 21 
3:  -47 -39 -31 -23 -11 5 17 29 
4:  -49 -45 -41 -37 -33 -29 -25 -21 -15 -7 1 9 15 19 25 33 
5:  -50 -48 -46 -44 -42 -40 -38 -36 -34 -32 -30 -28 -26 -24 -22 -20 -17 -13 -9 -5 -1 3 7 11 14 16 18 20 23 27 31 34 
6:  -18 -16 -14 -12 -10 -8 -6 -4 -2 0 2 4 6 8 10 12 22 24 26 28 30 32 35 

Insert 36 True
Insert 37 True
Insert 38 True
Insert 39 True
Insert 40 True
PrintBST
0:  -19 
1:  -35 13 
2:  -43 -27 -3 29 
3:  -47 -39 -31 -23 -11 5 21 33 
4:  -49 -45 -41 -37 -33 -29 -25 -21 -15 -7 1 9 17 25 31 37 
5:  -50 -48 -46 -44 -42 -40 -38 -36 -34 -32 -30 -28 -26 -24 -22 -20 -17 -13 -9 -5 -1 3 7 11 15 19 23 27 30 32 35 39 
6:  -18 -16 -14 -12 -10 -8 -6 -4 -2 0 2 4 6 8 10 12 14 16 18 20 22 24 26 28 34 36 38 40 

Insert 41 True
Insert 42 True
Insert 43 True
Insert 44 True
Insert 45 True
PrintBST
0:  13 
1:  -19 29 
2:  -35 -3 21 37 
3:  -43 -27 -11 5 17 25 33 41 
4:  -47 -39 -31 -23 -15 -7 1 9 15 19 23 27 31 35 39 43 
5:  -49 -45 -41 -37 -33 -29 -25 -21 -17 -13 -9 -5 -1 3 7 11 14 16 18 20 22 24 26 28 30 32 34 36 38 40 42 44 
6:  -50 -48 -46 -44 -42 -40 -38 -36 -34 -32 -30 -28 -26 -24 -22 -20 -18 -16 -14 -12 -10 -8 -6 -4 -2 0 2 4 6 8 10 12 45 

Insert 46 True
Insert 47 True
Insert 48 True
Insert 49 True
Insert 50 True
PrintBST
0:  13 
1:  -19 29 
2:  -35 -3 21 37 
3:  -43 -27 -11 5 17 25 33 45 
4:  -47 -39 -31 -23 -15 -7 1 9 15 19 23 27 31 35 41 47 
5:  -49 -45 -41 -37 -33 -29 -25 -21 -17 -13 -9 -5 -1 3 7 11 14 16 18 20 22 24 26 28 30 32 34 36 39 43 46 49 
6:  -50 -48 -46 -44 -42 -40 -38 -36 -34 -32 -30 -28 -26 -24 -22 -20 -18 -16 -14 -12 -10 -8 -6 -4 -2 0 2 4 6 8 10 12 38 40 42 44 48 50 

Remove -50 True
Remove -49 True
Remove -48 True
Remove -47 True
Remove -46 True
Remove -45 True
PrintBST
0:  13 
1:  -19 29 
2:  -35 -3 21 37 
3:  -39 -27 -11 5 17 25 33 45 
4:  -43 -37 -31 -23 -15 -7 1 9 15 19 23 27 31 35 41 47 
5:  -44 -41 -38 -36 -33 -29 -25 -21 -17 -13 -9 -5 -1 3 7 11 14 16 18 20 22 24 26 28 30 32 34 36 39 43 46 49 
6:  -42 -40 -34 -32 -30 -28 -26 -24 -22 -20 -18 -16 -14 -12 -10 -8 -6 -4 -2 0 2 4 6 8 10 12 38 40 42 44 48 50 

Remove 44 True
Remove -43 True
Remove -42 True
Remove -41 True
Remove -40 True
PrintBST
0:  13 
1:  -19 29 
2:  -35 -3 21 37 
3:  -39 -27 -11 5 17 25 33 45 
4:  -44 -37 -31 -23 -15 -7 1 9 15 19 23 27 31 35 41 47 
5:  -38 -36 -33 -29 -25 -21 -17 -13 -9 -5 -1 3 7 11 14 16 18 20 22 24 26 28 30 32 34 36 39 43 46 49 
6:  -34 -32 -30 -28 -26 -24 -22 -20 -18 -16 -14 -12 -10 -8 -6 -4 -2 0 2 4 6 8 10 12 38 40 42 48 50 

Remove -39 True
Remove -38 True
Remove -37 True
Remove -36 True
Remove -35 True
PrintBST
0:  13 
1:  -19 29 
2:  -27 -3 21 37 
3:  -31 -23 -11 5 17 25 33 45 
4:  -33 -29 -25 -21 -15 -7 1 9 15 19 23 27 31 35 41 47 
5:  -44 -32 -30 -28 -26 -24 -22 -20 -17 -13 -9 -5 -1 3 7 11 14 16 18 20 22 24 26 28 30 32 34 36 39 43 46 49 
6:  -34 -18 -16 -14 -12 -10 -8 -6 -4 -2 0 2 4 6 8 10 12 38 40 42 48 50 

Remove -34 True
Remove -33 True
Remove -32 True
Remove -31 True
Remove -30 True
PrintBST
0:  13 
1:  -19 29 
2:  -27 -3 21 37 
3:  -29 -23 -11 5 17 25 33 45 
4:  -44 -28 -25 -21 -15 -7 1 9 15 19 23 27 31 35 41 47 
5:  -26 -24 -22 -20 -17 -13 -9 -5 -1 3 7 11 14 16 18 20 22 24 26 28 30 32 34 36 39 43 46 49 
6:  -18 -16 -14 -12 -10 -8 -6 -4 -2 0 2 4 6 8 10 12 38 40 42 48 50 

Remove -29 True
Remove -28 True
Remove -27 True
Remove -26 True
Remove -25 True
PrintBST
0:  13 
1:  -3 29 
2:  -19 5 21 37 
3:  -23 -11 1 9 17 25 33 45 
4:  -44 -21 -15 -7 -1 3 7 11 15 19 23 27 31 35 41 47 
5:  -24 -22 -20 -17 -13 -9 -5 -2 0 2 4 6 8 10 12 14 16 18 20 22 24 26 28 30 32 34 36 39 43 46 49 
6:  -18 -16 -14 -12 -10 -8 -6 -4 38 40 42 48 50 

Remove -24 True
Remove -23 True
Remove -22 True
Remove -21 True
Remove -20 True
PrintBST
0:  13 
1:  -3 29 
2:  -11 5 21 37 
3:  -15 -7 1 9 17 25 33 45 
4:  -19 -13 -9 -5 -1 3 7 11 15 19 23 27 31 35 41 47 
5:  -44 -17 -14 -12 -10 -8 -6 -4 -2 0 2 4 6 8 10 12 14 16 18 20 22 24 26 28 30 32 34 36 39 43 46 49 
6:  -18 -16 38 40 42 48 50 

Remove -19 True
Remove -18 True
Remove -17 True
Remove -16 True
Remove -15 True
PrintBST
0:  13 
1:  -3 29 
2:  -11 5 21 37 
3:  -13 -7 1 9 17 25 33 45 
4:  -44 -12 -9 -5 -1 3 7 11 15 19 23 27 31 35 41 47 
5:  -14 -10 -8 -6 -4 -2 0 2 4 6 8 10 12 14 16 18 20 22 24 26 28 30 32 34 36 39 43 46 49 
6:  38 40 42 48 50 

Remove -14 True
Remove -13 True
Remove -12 True
Remove -11 True
Remove -10 True
PrintBST
0:  13 
1:  -3 29 
2:  -7 5 21 37 
3:  -9 -5 1 9 17 25 33 45 
4:  -44 -8 -6 -4 -1 3 7 11 15 19 23 27 31 35 41 47 
5:  -2 0 2 4 6 8 10 12 14 16 18 20 22 24 26 28 30 32 34 36 39 43 46 49 
6:  38 40 42 48 50 

Remove -9 True
Remove -8 True
Remove -7 True
Remove -6 True
Remove -5 True
PrintBST
0:  13 
1:  5 29 
2:  -3 9 21 37 
3:  -44 1 7 11 17 25 33 45 
4:  -4 -1 3 6 8 10 12 15 19 23 27 31 35 41 47 
5:  -2 0 2 4 14 16 18 20 22 24 26 28 30 32 34 36 39 43 46 49 
6:  38 40 42 48 50 

Remove -4 True
Remove -3 True
Remove -2 True
Remove -1 True
Remove -0 True
PrintBST
0:  29 
1:  13 37 
2:  5 21 33 45 
3:  1 9 17 25 31 35 41 47 
4:  -44 3 7 11 15 19 23 27 30 32 34 36 39 43 46 49 
5:  2 4 6 8 10 12 14 16 18 20 22 24 26 28 38 40 42 48 50 

Remove 1 True
Remove 2 True
Remove 3 True
Remove 4 True
Remove 5 True
PrintBST
0:  29 
1:  13 37 
2:  9 21 33 45 
3:  7 11 17 25 31 35 41 47 
4:  -44 8 10 12 15 19 23 27 30 32 34 36 39 43 46 49 
5:  6 14 16 18 20 22 24 26 28 38 40 42 48 50 

Remove 6 True
Remove 7 True
Remove 8 True
Remove 9 True
Remove 10 True
PrintBST
0:  29 
1:  21 37 
2:  13 25 33 45 
3:  11 17 23 27 31 35 41 47 
4:  -44 12 15 19 22 24 26 28 30 32 34 36 39 43 46 49 
5:  14 16 18 20 38 40 42 48 50 

Remove 11 True
Remove 12 True
Remove 13 True
Remove 14 True
Remove 15 True
PrintBST
0:  29 
1:  21 37 
2:  17 25 33 45 
3:  -44 19 23 27 31 35 41 47 
4:  16 18 20 22 24 26 28 30 32 34 36 39 43 46 49 
5:  38 40 42 48 50 

Remove 16 True
Remove 17 True
Remove 18 True
Remove 19 True
Remove 20 True
PrintBST
0:  29 
1:  25 37 
2:  21 27 33 45 
3:  -44 23 26 28 31 35 41 47 
4:  22 24 30 32 34 36 39 43 46 49 
5:  38 40 42 48 50 

Remove 21 True
Remove 22 True
Remove 23 True
Remove 24 True
Remove 25 True
PrintBST
0:  37 
1:  29 45 
2:  27 33 41 47 
3:  -44 28 31 35 39 43 46 49 
4:  26 30 32 34 36 38 40 42 48 50 

Remove 26 True
Remove 27 True
Remove 28 True
Remove 29 True
Remove 30 True
PrintBST
0:  37 
1:  33 45 
2:  31 35 41 47 
3:  -44 32 34 36 39 43 46 49 
4:  38 40 42 48 50 

Remove 31 True
Remove 32 True
Remove 33 True
Remove 34 True
Remove 35 True
PrintBST
0:  45 
1:  37 47 
2:  -44 41 46 49 
3:  36 39 43 48 50 
4:  38 40 42 

Remove 36 True
Remove 37 True
Remove 38 True
Remove 39 True
Remove 40 True
PrintBST
0:  45 
1:  41 47 
2:  -44 43 46 49 
3:  42 48 50 

Remove 41 True
Remove 42 True
Remove 43 True
Remove 44 False
Remove 45 True
PrintBST
0:  47 
1:  -44 49 
2:  46 48 50 

Remove 46 True
Remove 47 True
Remove 48 True
Remove 49 True
Remove 50 True
PrintBST
0:  -44 

